$ 1 0.000005 10.20027730826997 50 5 50
w 432 448 432 384 0
w 656 384 656 464 0
r 432 384 560 384 0 56000
r 336 384 432 384 0 39000
g 336 384 336 416 0
r 656 464 736 464 0 100000
w 736 464 816 464 2
r 624 672 528 672 0 10000
w 352 480 432 480 2
162 432 480 432 608 2 default-led 0 1 0 0.01
r 432 608 432 688 0 1000
R 352 480 288 480 0 2 40 1.6 1.6 0 0.5
g 432 688 432 736 0
R 896 464 896 400 0 1 11 12 0 0 0.5
x 225 542 359 545 4 12 digital\soutput\spin\son\sMCU
x 255 524 325 527 4 12 trigger\soutput
x 732 599 888 602 4 12 banana\sor\s3.5mm\spatch\spoint
207 816 464 816 576 4 output\sto\smodular
s 816 464 896 464 0 1 true
x 835 488 944 491 4 12 push\sthis\sto\ssimulate
x 835 505 947 508 4 12 patching\sto\san\soutput
R 592 496 592 592 0 0 40 0 0 0 0.5
R 592 432 592 352 0 0 40 5 0 0 0.5
409 528 464 656 464 1 0.6 -15.952681613955535 0.0231 0
w 432 448 528 448 0
w 560 384 656 384 0
w 432 480 528 480 0
a 784 752 928 752 8 15 -15 1000000 0 0 100000
o 17 64 0 4103 160 0.00009765625 0 2 17 3
o 11 64 0 4103 5 0.00625 0 2 11 3
