$ 1 0.000005 10.20027730826997 50 5 50
S 384 288 304 288 0 1 false 0 2
r 304 416 304 480 0 100000
d 304 480 240 480 2 default
d 368 480 304 480 2 default
g 368 480 368 528 0
R 240 480 240 544 0 0 40 3.3 0 0 0.5
w 304 272 208 272 2
r 384 288 464 288 0 100000
d 464 352 464 288 2 default
g 464 352 464 384 0
w 464 288 512 288 0
r 512 288 512 352 0 100000
g 512 352 512 384 0
t 512 288 560 288 0 1 0.5319174363403609 0.5806084474377889 100
g 560 304 560 384 0
w 560 272 560 224 0
w 560 224 688 224 2
r 560 224 560 144 0 10000
R 560 144 560 80 0 0 40 3.3 0 0 0.5
R 208 272 144 272 0 1 10 12 0 0 0.5
r 688 224 688 144 0 50000
R 688 144 688 80 0 0 40 3.3 0 0 0.5
w 304 304 304 416 0
o 6 64 0 4103 20 0.0001953125 0 2 6 3
o 16 64 0 4103 5 0.00009765625 0 2 16 3
